1.00E-06
0
0.075361255
0.142058686
0.200946313
0.2527963
0.298306758
0.338108801
0.372772932
0.402814825
0.428700552
0.450851312
0.469647714
0.485433649
0.498519793
0.509186778
0.517688061
0.524252519
0.529086799
0.532377438
0.53429279
0.534984763
0.534590392
0.533233263
0.531024802
0.528065439
0.524445661
0.52024697
0.51554274
0.510399001
0.504875147
0.499024568
0.492895235
0.48653022
0.479968167
0.473243722
0.46638792
0.459428534
0.452390389
0.445295655
0.4381641
0.431013325
0.423858979
0.416714947
0.409593523
0.402505572
0.395460663
0.388467205
0.381532558
0.374663139
0.367864516
0.361141494
0.354498194
0.347938118
0.341464216
0.335078945
0.328784312
0.322581931
0.316473056
0.310458626
0.304539294
0.29871546
0.292987299
0.287354787
0.281817722
0.276375743
0.271028354
0.265774934
0.260614757
0.255547002
0.250570768
0.245685082
0.240888912
0.236181173
0.231560736
0.227026436
0.222577076
0.218211436
0.213928274
0.209726336
0.205604355
0.201561055
0.19759516
0.193705389
0.189890463
0.186149109
0.182480056
0.178882042
0.175353815
0.171894131
0.168501758
0.165175478
0.161914085
0.158716387
0.155581206
0.152507382
0.149493767
0.146539233
0.143642666
0.140802969
0.138019063
0.135289883
0.132614386
0.129991541
0.127420337
0.12489978
0.122428892
0.120006713
0.117632298
0.115304722
0.113023072
0.110786457
0.108593997
0.10644483
0.104338112
0.102273011
0.100248714
0.09826442
0.096319344
0.094412719
0.092543787
0.090711809
0.088916058
0.087155821
0.085430399
0.083739107
0.082081272
0.080456235
0.078863349
0.07730198
0.075771506
0.074271318
0.072800818
0.071359419
0.069946547
0.068561639
0.067204142
0.065873514
0.064569224
0.063290753
0.062037588
0.060809231
0.05960519
0.058424985
0.057268144
0.056134205
0.055022716
0.053933231
0.052865316
0.051818544
0.050792496
0.049786762
0.048800942
0.047834639
0.046887469
0.045959052
0.045049017
0.044157001
0.043282646
0.042425604
0.041585531
0.040762091
0.039954956
0.039163803
0.038388315
0.037628181
0.036883099
0.03615277
0.035436902
0.034735208
0.034047409
0.033373229
0.032712397
0.032064651
0.031429731
0.030807383
0.030197358
0.029599412
0.029013307
0.028438806
0.027875681
0.027323707
0.026782663
0.026252331
0.025732501
0.025222965
0.024723517
0.024233959
0.023754096
0.023283734
0.022822685
0.022370766
0.021927796
0.021493597
0.021067995
0.020650821
0.020241908
0.019841092
0.019448212
0.019063112
0.018685637
0.018315637
0.017952963
0.017597471
0.017249018
0.016907464
0.016572674
0.016244513
0.01592285
0.015607557
0.015298507
0.014995576
0.014698644
0.014407591
0.014122302
0.013842662
0.013568559
0.013299883
0.013036528
0.012778387
0.012525358
0.01227734
0.012034232
0.011795938
0.011562363
0.011333413
0.011108996
0.010889024
0.010673406
0.010462059
0.010254896
0.010051836
0.009852796
0.009657698
0.009466462
0.009279014
0.009095277
0.008915178
0.008738646
0.008565609
0.008395999
0.008229747
0.008066787
0.007907054
0.007750484
0.007597014
0.007446583
0.007299131
0.007154598
0.007012928
0.006874063
0.006737947
0.006604527
0.006473748
0.00634556
0.006219909
0.006096747
0.005976023
0.00585769
0.0057417
0.005628006
0.005516564
0.005407329
0.005300257
0.005195305
0.005092431
0.004991594
0.004892754
0.004795871
0.004700906
0.004607822
0.004516581
0.004427147
0.004339483
0.004253556
0.00416933
0.004086771
0.004005848
0.003926527
0.003848776
0.003772566
0.003697864
0.003624641
0.003552868
0.003482517
0.003413558
0.003345965
0.003279711
0.003214768
0.003151112
0.003088715
0.003027555
0.002967605
0.002908843
0.002851244
0.002794785
0.002739445
0.0026852
0.00263203
0.002579912
0.002528826
0.002478752
0.00242967
0.002381559
0.002334401
0.002288177
0.002242868
0.002198456
0.002154924
0.002112253
0.002070428
0.002029431
0.001989245
0.001949856
0.001911246
0.001873401
0.001836305
0.001799944
0.001764302
0.001729367
0.001695123
0.001661557
0.001628656
0.001596407
0.001564796
0.001533811
0.001503439
0.001473669
0.001444488
0.001415886
0.001387849
0.001360368
0.001333431
0.001307027
0.001281146
0.001255778
0.001230912
0.001206538
0.001182647
0.001159229
0.001136275
0.001113775
0.001091721
0.001070103
0.001048914
0.001028144
0.001007785
0.00098783
0.00096827
0.000949097
0.000930303
0.000911882
0.000893825
0.000876127
0.000858778
0.000841773
0.000825105
0.000808767
0.000792752
0.000777055
0.000761668
0.000746586
0.000731802
0.000717312
0.000703108
0.000689186
0.000675539
0.000662162
0.000649051
0.000636198
0.000623601
0.000611253
0.000599149
0.000587285
0.000575656
0.000564257
0.000553084
0.000542133
0.000531398
0.000520875
0.000510561
0.000500451
0.000490542
0.000480828
0.000471307
0.000461975
0.000452827
0.000443861
0.000435072
0.000426457
0.000418012
0.000409735
0.000401622
0.000393669
0.000385874
0.000378233
0.000370744
0.000363402
0.000356206
0.000349153
0.000342239
0.000335463
0.00032882
0.000322309
0.000315927
0.000309671
0.000303539
0.000297529
0.000291637
0.000285862
0.000280202
0.000274654
0.000269215
0.000263884
0.000258659
0.000253537
0.000248517
0.000243596
0.000238772
0.000234044
0.00022941
0.000224867
0.000220415
0.00021605
0.000211772
0.000207579
0.000203468
0.000199439
0.00019549
0.000191619
0.000187825
0.000184106
0.00018046
0.000176887
0.000173384
0.000169951
0.000166586
0.000163287
0.000160054
0.000156885
0.000153778
0.000150733
0.000147748
0.000144823
0.000141955
0.000139144
0.000136389
0.000133688
0.000131041
0.000128446
0.000125903
0.00012341
0.000120966
0.000118571
0.000116223
0.000113922
0.000111666
0.000109455
0.000107287
0.000105163
0.000103081
0.000101039
9.90E-05
9.71E-05
9.52E-05
9.33E-05
9.14E-05
8.96E-05
8.78E-05
8.61E-05
8.44E-05
8.27E-05
8.11E-05
7.95E-05
7.79E-05
7.64E-05
7.49E-05
7.34E-05
7.19E-05
7.05E-05
6.91E-05
6.77E-05
6.64E-05
6.51E-05
6.38E-05
6.25E-05
6.13E-05
6.01E-05
5.89E-05
5.77E-05
5.66E-05
5.55E-05
5.44E-05
5.33E-05
5.22E-05
5.12E-05
5.02E-05
4.92E-05
4.82E-05
4.73E-05
4.63E-05
4.54E-05
4.45E-05
4.36E-05
4.28E-05
4.19E-05
4.11E-05
4.03E-05
3.95E-05
3.87E-05
3.79E-05
3.72E-05
3.64E-05
3.57E-05
3.50E-05
3.43E-05
3.36E-05
3.30E-05
3.23E-05
3.17E-05
3.10E-05
3.04E-05
2.98E-05
2.92E-05
2.87E-05
2.81E-05
2.75E-05
2.70E-05
2.65E-05
2.59E-05
2.54E-05
2.49E-05
2.44E-05
2.39E-05
2.35E-05
2.30E-05
2.25E-05
2.21E-05
2.17E-05
2.12E-05
2.08E-05
2.04E-05
2.00E-05
1.96E-05
1.92E-05
1.88E-05
1.85E-05
1.81E-05
1.77E-05
1.74E-05
1.70E-05
1.67E-05
1.64E-05
1.60E-05
1.57E-05
1.54E-05
1.51E-05
1.48E-05
1.45E-05
1.42E-05
1.40E-05
1.37E-05
1.34E-05
1.31E-05
1.29E-05
1.26E-05
1.24E-05
1.21E-05
1.19E-05
1.17E-05
1.14E-05
1.12E-05
1.10E-05
1.08E-05
1.05E-05
1.03E-05
1.01E-05
9.93E-06
9.73E-06
9.54E-06
9.35E-06
9.17E-06
8.98E-06
8.81E-06
8.63E-06
8.46E-06
8.29E-06
8.13E-06
7.97E-06
7.81E-06
7.66E-06
7.50E-06
7.36E-06
7.21E-06
7.07E-06
6.93E-06
6.79E-06
6.66E-06
6.52E-06
6.39E-06
6.27E-06
6.14E-06
6.02E-06
5.90E-06
5.79E-06
5.67E-06
5.56E-06
5.45E-06
5.34E-06
5.24E-06
5.13E-06
5.03E-06
4.93E-06
4.83E-06
4.74E-06
4.64E-06
4.55E-06
4.46E-06
4.37E-06
4.29E-06
4.20E-06
4.12E-06
4.04E-06
3.96E-06
3.88E-06
3.80E-06
3.73E-06
3.65E-06
3.58E-06
3.51E-06
3.44E-06
3.37E-06
3.31E-06
3.24E-06
3.18E-06
3.11E-06
3.05E-06
2.99E-06
2.93E-06
2.87E-06
2.82E-06
2.76E-06
2.71E-06
2.65E-06
2.60E-06
2.55E-06
2.50E-06
2.45E-06
2.40E-06
2.35E-06
2.31E-06
2.26E-06
2.22E-06
2.17E-06
2.13E-06
2.09E-06
2.05E-06
2.00E-06
1.97E-06
1.93E-06
1.89E-06
1.85E-06
1.81E-06
1.78E-06
1.74E-06
1.71E-06
1.67E-06
1.64E-06
1.61E-06
1.58E-06
1.55E-06
1.52E-06
1.49E-06
1.46E-06
1.43E-06
1.40E-06
1.37E-06
1.34E-06
1.32E-06
1.29E-06
1.27E-06
1.24E-06
1.22E-06
1.19E-06
1.17E-06
1.15E-06
1.12E-06
1.10E-06
1.08E-06
1.06E-06
1.04E-06
1.02E-06
9.96E-07
9.76E-07
9.56E-07
9.38E-07
9.19E-07
9.01E-07
8.83E-07
8.65E-07
8.48E-07
8.32E-07
8.15E-07
7.99E-07
7.83E-07
7.68E-07
7.52E-07
7.37E-07
7.23E-07
7.09E-07
6.95E-07
6.81E-07
6.67E-07
6.54E-07
6.41E-07
6.28E-07
6.16E-07
6.04E-07
5.92E-07
5.80E-07
5.69E-07
5.57E-07
5.46E-07
5.36E-07
5.25E-07
5.15E-07
5.04E-07
4.94E-07
4.85E-07
4.75E-07
4.66E-07
4.56E-07
4.47E-07
4.38E-07
4.30E-07
4.21E-07
4.13E-07
4.05E-07
3.97E-07
3.89E-07
3.81E-07
3.74E-07
3.66E-07
3.59E-07
3.52E-07
3.45E-07
3.38E-07
3.31E-07
3.25E-07
3.18E-07
3.12E-07
3.06E-07
3.00E-07
2.94E-07
2.88E-07
2.82E-07
2.77E-07
2.71E-07
2.66E-07
2.61E-07
2.56E-07
2.50E-07
2.45E-07
2.41E-07
2.36E-07
2.31E-07
2.27E-07
2.22E-07
2.18E-07
2.13E-07
2.09E-07
2.05E-07
2.01E-07
1.97E-07
1.93E-07
1.89E-07
1.86E-07
1.82E-07
1.78E-07
1.75E-07
1.71E-07
1.68E-07
1.65E-07
1.61E-07
1.58E-07
1.55E-07
1.52E-07
1.49E-07
1.46E-07
1.43E-07
1.40E-07
1.37E-07
1.35E-07
1.32E-07
1.29E-07
1.27E-07
1.24E-07
1.22E-07
1.19E-07
1.17E-07
1.15E-07
1.13E-07
1.10E-07
1.08E-07
1.06E-07
1.04E-07
1.02E-07
9.98E-08
9.78E-08
9.59E-08
9.40E-08
9.21E-08
9.03E-08
8.85E-08
8.68E-08
8.51E-08
8.34E-08
8.17E-08
8.01E-08
7.85E-08
7.70E-08
7.54E-08
7.39E-08
7.25E-08
7.10E-08
6.96E-08
6.83E-08
6.69E-08
6.56E-08
6.43E-08
6.30E-08
6.18E-08
6.05E-08
5.93E-08
5.82E-08
5.70E-08
5.59E-08
5.48E-08
5.37E-08
5.26E-08
5.16E-08
5.06E-08
4.96E-08
4.86E-08
4.76E-08
4.67E-08
4.58E-08
4.48E-08
4.40E-08
4.31E-08
4.22E-08
4.14E-08
4.06E-08
3.98E-08
3.90E-08
3.82E-08
3.75E-08
3.67E-08
3.60E-08
3.53E-08
3.46E-08
3.39E-08
3.32E-08
3.26E-08
3.19E-08
3.13E-08
3.07E-08
3.01E-08
2.95E-08
2.89E-08
2.83E-08
2.78E-08
2.72E-08
2.67E-08
2.61E-08
2.56E-08
2.51E-08
2.46E-08
2.41E-08
2.36E-08
2.32E-08
2.27E-08
2.23E-08
2.18E-08
2.14E-08
2.10E-08
2.06E-08
2.02E-08
1.98E-08
1.94E-08
1.90E-08
1.86E-08
1.82E-08
1.79E-08
1.75E-08
1.72E-08
1.68E-08
1.65E-08
1.62E-08
1.59E-08
1.55E-08
1.52E-08
1.49E-08
1.46E-08
1.43E-08
1.41E-08
1.38E-08
1.35E-08
1.32E-08
1.30E-08
1.27E-08
1.25E-08
1.22E-08
1.20E-08
1.17E-08
1.15E-08
1.13E-08
1.11E-08
1.08E-08
1.06E-08
1.04E-08
1.02E-08
1.00E-08
9.81E-09
9.61E-09
9.42E-09
9.24E-09
9.05E-09
8.88E-09
8.70E-09
8.53E-09
8.36E-09
8.19E-09
8.03E-09
7.87E-09
7.72E-09
7.56E-09
7.41E-09
7.27E-09
7.12E-09
6.98E-09
6.84E-09
6.71E-09
6.57E-09
6.44E-09
6.32E-09
6.19E-09
6.07E-09
5.95E-09
5.83E-09
5.72E-09
5.60E-09
5.49E-09
5.38E-09
5.28E-09
5.17E-09
5.07E-09
4.97E-09
4.87E-09
4.77E-09
4.68E-09
4.59E-09
4.50E-09
4.41E-09
4.32E-09
4.23E-09
4.15E-09
4.07E-09
3.99E-09
3.91E-09
3.83E-09
3.76E-09
3.68E-09
3.61E-09
3.54E-09
3.47E-09
3.40E-09
3.33E-09
3.27E-09
3.20E-09
3.14E-09
3.07E-09
3.01E-09
2.95E-09
2.90E-09
2.84E-09
2.78E-09
2.73E-09
2.67E-09
2.62E-09
2.57E-09
2.52E-09
2.47E-09
2.42E-09
2.37E-09
2.32E-09
2.28E-09
2.23E-09
2.19E-09
2.15E-09
2.10E-09
